EditFreq	WN_ef	WN_log	WNN_ef	WNN_log	Cum_WN_ef	Cum_WNN_ef
0	5482	3.7389390312034796	17633	4.24632620751237	0.17198970948108175	0.5532095124552927
1	2610	3.416640507338281	1483	3.1711411510283822	0.25387463136098387	0.5997364623203866
2	1963	3.292920299600006	1019	3.0081741840064264	0.3154608772039907	0.6317060927401644
3	1606	3.205745540942662	731	2.8639173769578603	0.3658467716634247	0.6546401455731945
4	1328	3.1231980750319988	672	2.8273692730538253	0.40751082386898413	0.6757231599422727
5	1205	3.080987046910887	610	2.785329835010767	0.4453159314802033	0.6948610152475372
6	1037	3.015778756389041	493	2.69284691927723	0.4778502854991529	0.7103281671581854
7	955	2.9800033715837464	433	2.6364878963533656	0.5078120097885424	0.7239129070715944
8	871	2.9400181550076634	411	2.6138418218760693	0.535138357281797	0.7368074292526824
9	791	2.8981764834976764	332	2.5211380837040362	0.5599548221120663	0.7472234423040723
10	834	2.921166050637739	374	2.5728716022004803	0.5861203488736901	0.7589571437535295
11	711	2.851869600729766	329	2.5171958979499744	0.6084269310409738	0.7692790362050574
12	709	2.8506462351830666	311	2.4927603890268375	0.6306707661416828	0.7790362050574136
13	561	2.7489628612561616	232	2.3654879848909	0.6482713183158687	0.7863148647800715
14	551	2.741151598851785	274	2.437750562820388	0.6655581351571814	0.7949112129007969
15	501	2.699837725867246	213	2.3283796034387376	0.6812762753341282	0.8015937754909958
16	494	2.693726948923647	274	2.437750562820388	0.6967748007780636	0.8101901236117212
17	431	2.6344772701607315	175	2.2430380486862944	0.7102967936248981	0.815680491937002
18	425	2.6283889300503116	190	2.278753600952829	0.7236305452720085	0.8216414632615925
19	335	2.525044807036845	145	2.161368002234975	0.7341406789232603	0.8261906255882537
20	426	2.629409599102719	240	2.380211241711606	0.7475058041036582	0.8337202735772102
21	330	2.5185139398778875	139	2.143014800254095	0.7578590700884734	0.8380811947041475
22	336	2.526339277389844	147	2.167317334748176	0.7684005772730125	0.8426931040973834
23	302	2.4800069429571505	121	2.0827853703164503	0.7778753843257827	0.846489301625149
24	211	2.3242824552976926	106	2.0253058652647704	0.7844951998494071	0.8498148961536048
25	390	2.591064607026499	232	2.3654879848909	0.7967308778314613	0.8570935558762628
26	251	2.399673721481038	103	2.012837224705172	0.8046056346865784	0.8603250298048566
27	206	2.3138672203691533	128	2.1072099696478683	0.8110685825437661	0.8643408420656334
28	259	2.413299764081252	117	2.0681858617461617	0.8191943276651816	0.8680115454602497
29	225	2.3521825181113627	84	1.9242792860618816	0.8262533726548283	0.8706469222563845
30	223	2.3483048630481607	99	1.99563519459755	0.8332496705779004	0.8737529020518291
31	169	2.2278867046136734	92	1.9637878273455553	0.8385517977034573	0.8766392671142624
32	186	2.2695129442179165	84	1.9242792860618816	0.8443872748948986	0.8792746439103972
33	244	2.387389826338729	182	2.2600713879850747	0.8520424170170044	0.8849846269686892
34	161	2.2068258760318495	75	1.8750612633917	0.8570935558762628	0.8873376419652381
35	158	2.1986570869544226	88	1.9444826721501687	0.8620505741356591	0.8900985128945221
36	164	2.214843848047698	59	1.7708520116421442	0.8671958335947795	0.891949551358474
37	152	2.1818435879447726	84	1.9242792860618816	0.8719646106544519	0.8945849281546088
38	137	2.1367205671564067	55	1.7403626894942439	0.8762627847148146	0.8963104724854113
39	104	2.0170333392987803	47	1.6720978579357175	0.8795256321766958	0.8977850285499153
40	199	2.298853076409707	86	1.9344984512435677	0.8857689653008722	0.9004831524126247
41	124	2.093421685162235	56	1.7481880270062005	0.8896592834284998	0.9022400702767146
42	130	2.113943352306837	60	1.7781512503836436	0.8937378427558511	0.9041224822739536
43	113	2.0530784434834195	43	1.6334684555795864	0.8972830520173182	0.9054715442053084
44	110	2.041392685158225	51	1.7075701760979363	0.9007341406789232	0.9070715944029617
45	123	2.089905111439398	66	1.8195439355418688	0.9045930852732634	0.9091422475999247
46	88	1.9444826721501687	49	1.6901960800285136	0.9073539562025476	0.9106795507310034
47	107	2.0293837776852097	58	1.7634279935629373	0.9107109242642907	0.9124992156616678
48	80	1.9030899869919435	34	1.5314789170422551	0.9132208069272761	0.9135659157934367
49	37	1.568201724066995	18	1.255272505103306	0.914381627658907	0.9141306393926084
50	281	2.44870631990508	203	2.307496037913213	0.9231975905126435	0.9204994666499341
51	52	1.7160033436347992	32	1.505149978319906	0.9248290142435841	0.9215034197151283
52	78	1.8920946026904804	44	1.6434526764861874	0.927276149839995	0.9228838551797703
53	78	1.8920946026904804	43	1.6334684555795864	0.9297232854364058	0.9242329171111251
54	71	1.8512583487190752	41	1.6127838567197355	0.9319508062998055	0.9255192319759051
55	76	1.8808135922807914	40	1.6020599913279623	0.9343351948296417	0.9267741733073979
56	59	1.7708520116421442	34	1.5314789170422551	0.9361862332935935	0.9278408734391668
57	77	1.8864907251724818	56	1.7481880270062005	0.9386019953567171	0.9295977913032566
58	69	1.8388490907372552	34	1.5314789170422551	0.9407667691535421	0.9306644914350254
59	39	1.591064607026499	22	1.3424226808222062	0.9419903369517475	0.9313547091673464
60	86	1.9344984512435677	58	1.7634279935629373	0.9446884608144569	0.933174374098011
61	55	1.7403626894942439	34	1.5314789170422551	0.9464140051452594	0.9342410742297798
62	70	1.845098040014257	39	1.591064607026499	0.9486101524753717	0.9354646420279852
63	47	1.6720978579357175	21	1.3222192947339193	0.9500847085398758	0.9361234862270189
64	56	1.7481880270062005	25	1.3979400086720377	0.9518416264039656	0.9369078245592019
65	58	1.7634279935629373	26	1.414973347970818	0.9536612913346301	0.9377235364246721
66	94	1.9731278535996986	60	1.7781512503836436	0.9566104034636381	0.9396059484219113
67	43	1.6334684555795864	20	1.3010299956639813	0.9579594653949928	0.9402334190876577
68	51	1.7075701760979363	21	1.3222192947339193	0.9595595155926461	0.9408922632866914
69	40	1.6020599913279623	24	1.380211241711606	0.9608144569241388	0.941645228085587
70	48	1.6812412373755872	40	1.6020599913279623	0.9623203865219301	0.9429001694170798
71	51	1.7075701760979363	31	1.4913616938342726	0.9639204367195834	0.9438727489489867
72	36	1.5563025007672873	23	1.3617278360175928	0.9650498839179268	0.944594340214595
73	40	1.6020599913279623	16	1.2041199826559248	0.9663048252494196	0.9450963167471921
74	16	1.2041199826559248	12	1.0791812460476249	0.9668068017820167	0.9454727991466398
75	66	1.8195439355418688	34	1.5314789170422551	0.9688774549789797	0.9465394992784087
76	32	1.505149978319906	28	1.4471580313422192	0.9698814080441739	0.9474179582104537
77	35	1.5440680443502757	22	1.3424226808222062	0.9709794817092301	0.9481081759427746
78	33	1.5185139398778875	33	1.5185139398778875	0.9720148083077116	0.9491435025412562
79	37	1.568201724066995	17	1.2304489213782739	0.9731756290393424	0.9496768526071406
80	46	1.662757831681574	31	1.4913616938342726	0.9746188115705591	0.9506494321390475
81	31	1.4913616938342726	27	1.4313637641589874	0.975591391102466	0.9514965175378051
82	23	1.3617278360175928	20	1.3010299956639813	0.9763129823680743	0.9521239882035515
83	41	1.6127838567197355	23	1.3617278360175928	0.9775992972328543	0.9528455794691598
84	25	1.3979400086720377	22	1.3424226808222062	0.9783836355650374	0.9535357972014809
85	36	1.5563025007672873	23	1.3617278360175928	0.9795130827633808	0.9542573884670892
86	25	1.3979400086720377	14	1.146128035678238	0.9802974210955638	0.9546966179331117
87	40	1.6020599913279623	22	1.3424226808222062	0.9815523624270566	0.9553868356654326
88	32	1.505149978319906	24	1.380211241711606	0.9825563154922508	0.9561398004643283
89	14	1.146128035678238	12	1.0791812460476249	0.9829955449582732	0.9565162828637761
90	34	1.5314789170422551	29	1.462397997898956	0.984062245090042	0.9574261153291084
91	23	1.3617278360175928	18	1.255272505103306	0.9847838363556504	0.9579908389282801
92	33	1.5185139398778875	22	1.3424226808222062	0.9858191629541319	0.9586810566606011
93	24	1.380211241711606	21	1.3222192947339193	0.9865721277530275	0.9593399008596348
94	23	1.3617278360175928	14	1.146128035678238	0.9872937190186358	0.9597791303256573
95	19	1.2787536009528289	26	1.414973347970818	0.987889816151095	0.9605948421911276
96	30	1.4771212547196624	15	1.1760912590556813	0.9888310221497145	0.9610654451904374
97	23	1.3617278360175928	21	1.3222192947339193	0.9895526134153229	0.9617242893894711
98	21	1.3222192947339193	21	1.3222192947339193	0.9902114576143566	0.9623831335885047
99	7	0.8450980400142568	13	1.1139433523068367	0.9904310723473677	0.9627909895212399
100	305	2.484299839346786	266	2.424881636631067	1.0	0.9711363493756667
