Geneid	GFL	Sub	SG	OLl	OLe	BuL	Sup	VL	BrL	ANC	Ret	BM	DCI	Hep	MDC	Tes	MVI	Man	Hea	MVC	Gil	Kid	Ten	Suc	MDI
Dopeav2082800m_FARSB	1.5595636052120916	2.090806459898151	2.0192752341338416	1.918881727144084	1.3814256207954385	1.4487683166364558	2.0217230077246264	1.9717464230601651	2.033684340222123	1.8014511071774637	1.4027807322605688	0.9044879961804769	1.0753127939703	1.645042619870586	1.3819495522284155	1.1087718317539725	1.3577719927311986	0.7728355721653349	1.5032197005795713	1.651893889236917	1.1709645934363497	1.3766555315974327	1.2999620717774045	1.6951534780323527	1.473025425325514
Dopeav2055409m_ZNF570	0.8684613825101467	0.7303447192184673	0.6592425294205861	1.0944993897743616	1.3554584482964351	1.0186851261178693	0.9949353275957374	1.1514421318913757	0.9546383837662847	0.5083216927292008	0.8807742002639689	0.5120286455689965	0.3635336297307036	0.2904989200357138	0.545159500017805	0.8822509931474478	0.3792125063547783	0.4383857008834469	0.5634986865390721	0.41619207268595554	0.7460568901969765	0.5414818859031986	0.6200886187662803	0.673932247730655	0.38576528976969193
Dopeav2041541m_RBPMS	0.4249647393306784	0.6310428562851034	0.21876464638283125	1.451041869758065	1.1271081560580618	0.5499235216506351	0.6841415659805011	1.141681292672891	0.5453568835254301	0.5238844492269694	2.038550329848955	0.22596498111861738	0.09926657429785214	0.005686047664443451	0.43050442163506625	0.19556913866515807	0.3682164235599401	0.4487886843455225	0.11159471604494048	0.2701394809262217	0.3391866442586844	0.1228152904612934	0.5568448404733796	0.593301995550121	0.06917578931150153
Dopeav2044320m_ELAVL4	2.719579031865765	2.2671756107697076	2.171398850286689	2.30041637043412	2.3918977926387455	2.3667805611834285	2.127160168810508	2.0168296818629265	2.226901691708046	1.666619091715341	0.20804718806765501	1.0226826815980967	0.6053099363552893	0.37082866603436776	0.9078894142821792	2.11139548684538	0.808433714768972	0.28630181471535116	0.7680710102124465	0.24754437523897901	0.9042517733721925	0.8196349710974266	1.2196903576493183	1.363218555080985	0.8037080213075349
Dopeav2032549m_CELF2	1.1000104815770475	1.682226609531629	1.5137807795041556	1.957489868521176	1.7495551616866145	1.7140979007191497	1.8794705499262305	2.135833298970717	1.8474626990850838	1.6227792900057065	1.8683388971558383	1.321436498661171	1.0462055979543428	0.9558649228397963	1.0493103855609283	1.7694805901742967	1.3323984674346911	1.282876701811429	1.2768537893552352	0.9843241404017476	1.377831880356303	1.3063393352293877	1.017608610846345	1.3492594982972699	1.2925737998180928
Dopeav2049022m_	0.0	0.0	0.05706898440173257	0.0	0.0	0.0	0.0	0.0	0.0	0.0	0.0	0.0	0.0	0.0	0.0	0.0	0.0	0.0	0.0	0.0	0.0	0.0	0.0	0.0	0.0
Dopeav2049954m_	0.4253255863018999	0.13771091100295593	0.17194196619968244	0.271511169871218	0.17105899863816112	0.2020705900292037	0.19665316586774056	0.20161548519616634	0.22674601722134527	0.09429685032995284	0.04222283802252311	0.18607212867133446	0.0	0.0	0.0	0.15181543197749978	0.0	0.0	0.07565636239763168	0.0	0.07829030630800296	0.03283773511805038	0.0	0.06800362438871839	0.0
Dopeav2131491m_	0.0	0.0	0.0	0.0	0.0	0.0	0.05372439528260714	0.0	0.04633527088856958	0.0	0.0	0.0	0.0	0.0	0.0	0.0	0.0	0.0	0.0	0.0	0.0	0.0	0.0	0.0	0.0
Dopeav2115641m_CLASRP	1.1256696389551406	1.5144263216102265	1.2514157284754046	1.8739627260511618	1.5764275424860092	1.339757479713517	1.7292842668276631	1.8104477782902657	1.6450104262156893	1.3059583437155546	1.4596580060970972	0.9367415952436113	1.0301565219208006	0.9730287191884621	1.13792410835136	1.279389632940506	1.207300447241839	0.9676243113186925	1.2539082700526127	1.3140692211602074	1.0481312314943232	1.2805611843914326	0.9424728374785805	1.1375982759611738	1.203382408331981
Dopeav2056851m_PRKRA	1.7012503717809206	1.9432296888120293	1.753657556127857	1.9623980136895975	1.7879015260880273	1.6878439069548383	1.9132863513569365	1.9077732616736371	1.8064148368231878	1.4100999080370915	1.632308616388918	0.8052869308898417	1.076699054641734	0.9414476810549565	1.1512461468685466	1.6640959396269421	1.3232299222361477	0.9268839191537472	1.2429540190560413	1.2968261068240605	1.114513015396297	1.1179463964566407	0.9691524583333632	1.1787698883665645	1.4677809762755087
Dopeav2064412m_SKIV2L	1.9390157844677403	2.082196338941147	2.058143303218049	1.7932258506211047	1.6266860458385535	1.8520481353408005	1.982972107090017	1.9444533531447759	2.105478352665568	1.430134596214029	1.2704152079332804	1.0264478245839834	0.9310163408025385	1.0526221314965054	1.1976246400785617	1.331360621622967	1.2942997522581106	1.1438177752987857	1.4064109221429304	1.3256547504600864	1.12960128689793	1.1239264007580683	1.1237089280795054	1.196138447756509	1.2629422000582857
Dopeav2079706m_VARS	1.8212178059380324	2.202104103040088	2.117621005080199	2.0696783576830406	1.6698907391955344	1.650390268808106	2.147828835111492	2.163653453453473	2.2110817498479607	1.5633957630892716	1.821411376415781	1.0613029612765303	1.1394958501054768	1.7934716759695941	1.4719600724773283	1.0213193656507984	1.5250395956658225	1.0089423134095805	1.6248595057040354	1.759503873373936	1.4727141390118386	1.4999152661819457	1.369929020071543	1.4367593868254174	1.5647835334880071
Dopeav2094978m_RBFOX1	1.4569581895127786	2.082362453455312	1.964046044157005	2.248927160002928	1.5396200552580879	1.4694899462637108	2.093606337131645	2.2622614211616914	2.0778345862731125	1.8057900098503599	1.3119295025960664	0.8315204263604701	1.366378993761821	0.6459288149240207	1.1346779360103791	0.9186120163666327	1.7345813270848713	1.1346679083683004	1.7915797154291193	2.008156434186238	1.2310297468662401	1.6534928945622687	0.8081959961910371	0.9802297989554295	1.8159486350223888
Dopeav2094050m_TSEN34	1.9358534885178103	1.9032336290297638	1.8022666715910731	2.2736739279658678	2.133780140183159	1.7952400608301338	1.9914047820389398	2.068315432109197	1.8861199047661728	1.3948404902467364	2.021326583319375	0.9795531293023225	1.1630851242658122	0.7791588455921431	1.3205553754935488	1.8573511515927095	1.0860200640575248	0.7713086559250975	1.3805748752797542	1.2069366753289985	1.2760462617316353	1.1741476876254304	1.1147616676868792	1.2330298132110753	1.1393128131576973
Dopeav2036703m_RTCA	2.179203977189778	2.351297700895442	2.4263585381912645	2.0375043870553435	1.6199031046120762	1.7342251788784306	2.0616170940892533	2.04023103142768	2.0826919756037667	1.8203345439980307	1.682552916388332	1.107109621597459	1.23521840715962	1.5117602397382617	1.51602730716889	1.073148782202199	1.699753894224011	1.4381549204872868	1.8195056355292116	1.832634956078834	1.3772760083965907	1.8007796288482154	1.3040155235880144	1.3950464785709789	1.8324851489517537
Dopeav2005419m_ADAR-like	2.2289615868588335	1.9284351246536469	1.9172580825218495	1.9505523877326314	2.150298209754667	2.130538582304544	1.910315081057059	1.9911732346578712	1.9127840931344815	1.8541508887800193	1.9110451281579472	1.8934540104518784	1.9232617051359073	1.6562727357121412	2.122612815822451	2.254459436626889	1.7307117054915642	2.040149644441183	1.8596304312950744	1.8213568941697877	1.9946737377549877	1.812020652391175	1.9923389343706204	2.0894094185947245	1.8069921313074389
Dopeav2007070m_	0.5296060492415796	0.42612919562514334	0.5569217611353858	0.10976624433907493	0.0	0.5735724161993289	0.19557595810296272	0.20051688188825487	0.3359115655818978	0.13394664737682743	0.08020069040114856	0.13166854711145795	0.0	0.06343757666304745	0.0	0.5601677985307508	0.0	0.0	0.10839853681020031	0.08520036607980726	0.07780269116049784	0.0	0.0	0.12603786477340612	0.0
Dopeav2008355m_	0.30221775380730553	0.2148762995251601	0.2336621115877865	0.06440448329093057	0.1855567945187244	0.3720310189070041	0.17256933222958717	0.21811548063490244	0.15846043970586673	0.0	0.0400655207666035	0.13978414496986982	0.03579077051936194	0.0	0.1060107067435104	0.05385585142181812	0.0	0.0	0.0	0.099749576662261	0.09121633083163204	0.015850531537108633	0.16885549678186668	0.23603153212302316	0.047477108028471604
Dopeav2066729m_EARS2	1.5801147163694482	1.7340575977606296	1.6436378373503535	1.5941301542604127	1.4772936424939613	1.3078294905719627	1.5974533824470474	1.4961460116012204	1.496582301285734	1.2009579384038993	1.048793353771697	0.943685263754105	0.7466157162073483	0.8113690655480317	0.9330271490139076	1.1950844311834283	0.918512087372466	0.8716688454823887	1.1737356469516351	1.0274048314174247	0.7687979390467856	1.2352235022573252	0.7836591552381487	0.9866803386157597	0.9702787211162998
Dopeav2122328m_SRSF3	0.9362057123551334	0.9310891846837183	0.811726221720572	1.1711998014629517	1.1191821410594025	0.8899443173036199	0.9597033403388193	1.2818248784963755	0.8682037259115454	0.8030282551524945	1.2355567132710388	0.6360584926032229	0.23769336104554212	0.03132001471053766	0.1318416211493942	0.20216927532414133	0.5816614708908582	0.1090315060227285	0.1997916963575454	0.1950175691007292	0.1377162069722791	0.3361342254490668	0.2896740543470141	0.2834274391378902	0.3823882116031614
Dopeav2040434m_HNRNPA1	1.6082341907901048	1.7899294638896792	1.4583511443903165	1.972494995322588	2.159158328754023	2.0468157755088816	1.955467603526415	1.9543548207677828	1.807551391171077	1.6051850563994547	1.9529098185806406	1.295209511404494	1.1725033435733716	0.31970596726508654	0.9069296313460662	1.5781306057143047	1.442241227742622	1.4699326893890892	1.3537141812713092	1.0630285975723348	0.8287573524227648	1.0741182763589232	1.1493379143863944	1.1727356532521918	1.3397397968756002
Dopeav2126036m_	0.0	0.0	0.0	0.0	0.0	0.039415322119214224	0.03448958639791941	0.0	0.0	0.0	0.0	0.0	0.0	0.0	0.0	0.0	0.02684232263262536	0.0	0.0	0.0	0.0	0.0	0.0	0.0	0.0
Dopeav2017526m_ADAR2	0.2810635258520903	0.8434849508609702	0.4773175148996106	1.2280298376056795	1.5486814006814245	1.1207567695291103	1.1341661513414103	0.970096849167788	0.9741190593048328	0.7699102185528283	0.437379259433268	0.2737713025477679	0.6527793480134171	0.21438738867782128	0.7841234780190107	0.5591503789204567	0.6050003591748773	0.21736434488188125	0.24724555401994755	0.673385628679568	0.49460817487695286	0.13089959227269615	0.889054135999976	0.8354030100403482	0.6835995134492867
Dopeav2016222m_ADAR1	0.7363832563441306	0.43078099298586175	0.43601733950565796	0.3853057927534927	0.4528037354870963	1.118286830787865	1.0402904337592374	0.6072342412389936	0.8244346968194928	0.2603129408762893	0.39298398440448856	0.31581742422628367	0.4116567212534951	0.35039340353785353	0.3413878282676152	0.8503490580597334	0.3010270961977039	0.173487089183591	0.21353772236910304	0.29701803922965536	0.26948450432969046	0.16311919369827607	0.280250914242878	0.3319899159373182	0.34091661289210756
Dopeav2021847m_PTRH2	2.136862700767757	2.352963067844125	2.26926388216617	2.101305906363963	1.7579945745170482	1.8955065871759866	2.0202210870577386	1.9895902539461592	2.059060887444225	1.7290016831493513	1.6138260655903833	1.030561988799853	1.3796849870506256	1.0744672406239673	1.3371666245886145	1.657188459190421	1.8427940571543822	1.0371467427512095	1.5568730073345465	1.745833512028066	1.1623175838608806	1.4391942455324644	1.3092476814589815	1.1365296112340226	1.7137327499747457
Dopeav2118252m_ADAR2	0.42045452111108755	1.1410502832851164	0.8260786190056986	1.5673985519533205	1.7344990203446067	1.349066430187641	1.442892752850247	1.327228614530185	1.311609057920232	1.0339136566496825	0.7438047240103047	0.643102635118481	0.8537663857947593	0.2715635716317117	1.00350776185572	0.7808969417269632	0.9888243215781602	0.2577896637889686	0.4043372440243063	1.0034444794318833	0.6466010310874538	0.2836854394980402	1.0898632024812633	0.9394360887722696	0.9811219432526068
Dopeav2072076m_CELF4	0.3925564288223767	1.4344436059255992	0.8772041994190491	1.640322845633974	1.6625997071716314	1.8575527705453283	1.7945725034110256	2.3694200880348757	1.7743271091216275	0.7813069226843042	0.2871094553729477	0.0856943900060139	0.24975102609211217	0.0	0.2341956766396065	0.15431337565134604	0.5252013429683945	0.11251882516257493	0.0	0.39243185648129875	0.3440816261508926	0.07634571556789516	0.11631921833316496	0.3510866655499968	0.4220183799404542
Dopeav2072123m_CELF3	1.2639031077176117	1.8952601904045057	1.6445912051194305	2.236977708999576	1.7532423288748096	1.7269127971830396	2.197594749263358	2.683817577352236	2.212603654521958	1.2034741900935562	2.07922764408278	0.12443051642096596	0.2756904907427186	0.0666074626408878	0.6255633036837702	0.1907710678753169	0.8626716337425552	0.27867045529524	0.036840538147083865	0.6204117127375011	0.706675374124502	0.1687967640443739	0.4749943496929338	0.868498393771057	0.7089655173568241
Dopeav2072116m_CELF4	0.4330468983903107	1.1376367256148998	0.8428586691478518	1.4494711076073377	0.8742602787629307	0.6410395951126564	1.397663773394928	1.8717915016753184	1.4511524367183402	0.515840577487154	1.2453731752582113	0.03188759160682822	0.021895598929322208	0.00968706769549029	0.1400025204843734	0.08584298258777508	0.2714693535486097	0.028921801147417624	0.022928053114173907	0.17079346850253732	0.177962001443466	0.037227821417260075	0.020227037485554912	0.18502732511662393	0.21107596699883255
